# Time-averaged data for fix myat2
# TimeStep Number-of-rows
# Row c_myRDF[1] c_myRDF[2] c_myRDF[3] c_myRDF[4] c_myRDF[5] c_myRDF[6] c_myRDF[7]
50000 200
1 0.0375 0 0 0 0 0 0
2 0.1125 0 0 0 0 0 0
3 0.1875 0 0 0 0 0 0
4 0.2625 0 0 0 0 0 0
5 0.3375 0 0 0 0 0 0
6 0.4125 0 0 0 0 0 0
7 0.4875 0 0 0 0 0 0
8 0.5625 0 0 0 0 0 0
9 0.6375 0 0 0 0 0 0
10 0.7125 0 0 0 0 0 0
11 0.7875 0 0 0 0 0 0
12 0.8625 0 0 0 0 0 0
13 0.9375 0 0 0 0 0 0
14 1.0125 0 0 0 0 0 0
15 1.0875 0 0 0 0 0 0
16 1.1625 0 0 0 0 0 0
17 1.2375 0 0 0 0 0 0
18 1.3125 0 0 0 0 0 0
19 1.3875 0 0 0 0 0 0
20 1.4625 0 0 0 0 0 0
21 1.5375 0 0 0 0 0 0
22 1.6125 0 0 0 0 0 0
23 1.6875 0 0 0 0 0 0
24 1.7625 0 0 0 0 0 0
25 1.8375 0 0 0 0 0 0
26 1.9125 0 0 0 0 0 0
27 1.9875 0 0 0 0 0 0
28 2.0625 0 0 0 0 0 0
29 2.1375 0 0 0 0 0 0
30 2.2125 0 0 0 0 0 0
31 2.2875 0 0 0 0 0 0
32 2.3625 0 0 0 0 0 0
33 2.4375 0 0 0 0 0 0
34 2.5125 0 0 0 0 0 0
35 2.5875 0 0 0 0 0 0
36 2.6625 0 0 0 0 0 0
37 2.7375 0 0 0 0 0 0
38 2.8125 0 0 0 0 0 0
39 2.8875 0 0 0 0 0 0
40 2.9625 0 0 0 0 0 0
41 3.0375 0 0 0 0 0 0
42 3.1125 0 0 0.0182532 0.000166667 0.0845053 2.77778e-05
43 3.1875 0 0 0.173318 0.00182639 0.72518 0.000277778
44 3.2625 0 0 0.85628 0.0104167 5.6147 0.00230556
45 3.3375 0 0 3.11218 0.0430903 19.6602 0.00973611
46 3.4125 0 0 6.75796 0.117264 29.7021 0.0214722
47 3.4875 0 0 12.1521 0.256569 44.4245 0.0398056
48 3.5625 0 0 18.9771 0.483569 76.6973 0.0728333
49 3.6375 0 0 26.5466 0.814625 119.152 0.126326
50 3.7125 0 0 32.8028 1.24074 188.204 0.21434
51 3.7875 0.528301 0.00025 36.2748 1.73119 267.357 0.344472
52 3.8625 2.73747 0.00159722 37.8668 2.26365 231.695 0.461757
53 3.9375 8.69009 0.00604167 37.7573 2.81538 78.124 0.502854
54 4.0125 17.5995 0.0153889 32.2187 3.30428 24.5346 0.516257
55 4.0875 17.766 0.0251806 22.2401 3.65449 20.4085 0.527826
56 4.1625 11.664 0.0318472 15.099 3.90106 22.2194 0.540889
57 4.2375 5.74465 0.03525 12.6157 4.11457 22.1351 0.554375
58 4.3125 5.29755 0.0385 11.9715 4.32441 21.57 0.567986
59 4.3875 6.36468 0.0425417 11.8509 4.53942 23.0185 0.583021
60 4.4625 8.26682 0.0479722 11.3527 4.7525 27.6779 0.601722
61 4.5375 8.2003 0.0535417 11.1036 4.96797 32.1783 0.624201
62 4.6125 9.4992 0.0602083 10.7548 5.18362 28.466 0.64475
63 4.6875 10.5965 0.0678889 10.3426 5.39781 22.076 0.661208
64 4.7625 8.48331 0.0742361 10.2693 5.61733 17.3887 0.67459
65 4.8375 7.08882 0.0797083 10.1032 5.84017 16.3202 0.687549
66 4.9125 6.01913 0.0845 10.2508 6.07332 16.2667 0.700868
67 4.9875 5.72099 0.0891944 10.4371 6.31801 17.0976 0.715299
68 5.0625 4.68204 0.0931528 10.5065 6.5718 18.8229 0.731667
69 5.1375 4.5942 0.0971528 10.5129 6.83332 20.9448 0.750424
70 5.2125 3.59515 0.100375 10.509 7.10243 23.322 0.771924
71 5.2875 3.23787 0.103361 10.1611 7.37017 26.4865 0.797049
72 5.3625 4.59744 0.107722 9.39558 7.62482 26.7259 0.823125
73 5.4375 5.59649 0.113181 8.89745 7.87276 25.2115 0.848417
74 5.5125 7.19104 0.120389 8.77411 8.12405 23.8364 0.872993
75 5.5875 11.7464 0.132486 8.70464 8.38018 22.106 0.89641
76 5.6625 12.6716 0.145889 8.25958 8.62978 20.9243 0.919174
77 5.7375 15.9366 0.163194 8.19704 8.8841 20.4616 0.942028
78 5.8125 15.9018 0.180917 7.96724 9.1378 23.3295 0.968771
79 5.8875 19.9814 0.203764 7.98045 9.39851 23.2644 0.996132
80 5.9625 18.0726 0.224958 7.79795 9.6598 23.5349 1.02452
81 6.0375 18.9316 0.247722 7.76713 9.92664 21.5782 1.05121
82 6.1125 20.4983 0.272986 7.65875 10.1963 18.6087 1.0748
83 6.1875 19.0256 0.297014 7.98633 10.4845 13.937 1.0929
84 6.2625 20.3226 0.323306 8.32355 10.7922 9.83727 1.10599
85 6.3375 20.0016 0.349806 8.34914 11.1082 8.41846 1.11747
86 6.4125 20.1918 0.377194 8.4105 11.4342 7.68513 1.12819
87 6.4875 15.5961 0.398847 8.22925 11.7606 9.1084 1.14119
88 6.5625 15.3785 0.420694 7.92794 12.0824 10.4079 1.1564
89 6.6375 16.4569 0.444611 7.53823 12.3954 10.9731 1.17281
90 6.7125 15.7828 0.468069 7.04415 12.6945 11.6741 1.19065
91 6.7875 15.701 0.491931 6.79978 12.9898 12.4038 1.21004
92 6.8625 21.9309 0.526 6.42572 13.275 11.1346 1.22783
93 6.9375 28.0117 0.570472 6.36087 13.5635 10.185 1.24447
94 7.0125 23.9138 0.609264 6.40669 13.8605 10.193 1.26147
95 7.0875 24.1983 0.649361 6.47805 14.1672 9.25318 1.27724
96 7.1625 20.477 0.684014 6.46647 14.4798 9.65885 1.29406
97 7.2375 16.5181 0.712556 6.69044 14.8101 9.74104 1.31137
98 7.3125 14.0314 0.737306 6.73386 15.1495 10.2963 1.33005
99 7.3875 11.9195 0.758764 6.88851 15.5038 10.9659 1.35035
100 7.4625 9.75317 0.776681 6.9201 15.867 11.6102 1.37229
101 7.5375 10.0343 0.795486 6.88345 16.2356 11.193 1.39387
102 7.6125 11.0364 0.816583 6.71047 16.6021 11.0407 1.41558
103 7.6875 11.7412 0.839472 6.64089 16.972 12.312 1.44026
104 7.7625 10.9564 0.86125 6.28513 17.3289 13.6955 1.46826
105 7.8375 11.7622 0.885083 6.00684 17.6767 14.5342 1.49856
106 7.9125 11.4864 0.908806 5.88398 18.0239 13.3577 1.52693
107 7.9875 11.4037 0.932806 5.70655 18.367 12.5081 1.55401
108 8.0625 10.3894 0.955083 5.60541 18.7104 12.7142 1.58205
109 8.1375 10.0271 0.976986 5.55286 19.057 11.5907 1.60809
110 8.2125 11.0496 1.00157 5.47288 19.4049 11.0431 1.63336
111 8.2875 10.0291 1.02429 5.41772 19.7556 9.9442 1.65653
112 8.3625 10.3678 1.04821 5.52117 20.1195 8.79787 1.67741
113 8.4375 10.3322 1.07247 5.39685 20.4816 8.27417 1.6974
114 8.5125 10.8133 1.09832 5.34955 20.8469 8.12901 1.71738
115 8.5875 11.4417 1.12615 5.36493 21.2198 7.64071 1.7365
116 8.6625 11.3061 1.15414 5.31063 21.5954 7.93721 1.75671
117 8.7375 11.0908 1.18207 5.29156 21.9761 8.04013 1.77753
118 8.8125 9.89442 1.20742 5.21829 22.3581 8.21485 1.79918
119 8.8875 10.533 1.23486 5.09197 22.7372 7.94723 1.82048
120 8.9625 10.0482 1.26149 5.08838 23.1224 8.33967 1.84321
121 9.0375 9.43366 1.2869 5.01934 23.5088 9.01374 1.86819
122 9.1125 11.3376 1.31796 4.96581 23.8974 8.91035 1.89329
123 9.1875 11.2032 1.34915 4.87826 24.2855 9.22859 1.91972
124 9.2625 12.4899 1.3845 4.7605 24.6704 9.27299 1.94672
125 9.3375 12.3335 1.41997 4.65306 25.0528 8.51897 1.97192
126 9.4125 9.9611 1.44908 4.61322 25.438 8.31907 1.99692
127 9.4875 9.47213 1.47721 4.62734 25.8305 8.83156 2.0239
128 9.5625 8.26049 1.50213 4.5884 26.226 8.39587 2.04994
129 9.6375 8.02363 1.52671 4.60239 26.6289 9.57685 2.08013
130 9.7125 7.14588 1.54894 4.60977 27.0387 9.24075 2.1097
131 9.7875 6.7423 1.57025 4.60247 27.4542 9.79192 2.14153
132 9.8625 6.93882 1.59251 4.63788 27.8794 9.5615 2.17308
133 9.9375 5.32518 1.60986 4.64595 28.3118 9.41358 2.20463
134 10.0125 6.68208 1.63196 4.57154 28.7438 8.69121 2.23419
135 10.0875 7.55958 1.65733 4.51004 29.1763 8.40758 2.26322
136 10.1625 9.16885 1.68857 4.38272 29.6029 8.02433 2.29133
137 10.2375 8.55693 1.71815 4.2748 30.0252 7.60254 2.31837
138 10.3125 7.93011 1.74597 4.29356 30.4555 7.57511 2.3457
139 10.3875 7.67554 1.77329 4.22168 30.8848 6.90844 2.37099
140 10.4625 6.82738 1.79794 4.1716 31.3152 6.90698 2.39665
141 10.5375 5.11521 1.81668 4.14183 31.7487 6.57676 2.42142
142 10.6125 3.92537 1.83126 4.07165 32.1808 6.32784 2.4456
143 10.6875 4.0216 1.84642 4.00387 32.6119 6.30026 2.47002
144 10.7625 4.06026 1.86193 3.99413 33.0479 6.02193 2.49369
145 10.8375 4.38783 1.87893 4.10221 33.502 6.49476 2.51957
146 10.9125 4.49744 1.8966 4.08821 33.9608 6.1222 2.54431
147 10.9875 5.22096 1.91739 4.12683 34.4304 6.82047 2.57224
148 11.0625 5.56671 1.93986 4.15692 34.9099 7.34712 2.60275
149 11.1375 6.23874 1.96539 4.18054 35.3986 6.9779 2.63212
150 11.2125 7.18037 1.99517 4.151 35.8904 7.09487 2.66238
151 11.2875 7.56775 2.02697 4.20075 36.3949 7.24508 2.6937
152 11.3625 8.58351 2.06353 4.14228 36.8989 7.19414 2.72522
153 11.4375 9.63322 2.1051 4.07332 37.4011 7.25656 2.75742
154 11.5125 8.97441 2.14433 4.02087 37.9034 6.98782 2.78885
155 11.5875 9.97496 2.18851 3.98106 38.4072 6.61413 2.81898
156 11.6625 10.5683 2.23593 3.87049 38.9033 6.64821 2.84966
157 11.7375 9.98141 2.28129 3.81728 39.399 6.24114 2.87883
158 11.8125 9.87619 2.32675 3.78131 39.8963 6.01839 2.90733
159 11.8875 8.78362 2.36769 3.71634 40.3912 5.7993 2.93513
160 11.9625 8.96511 2.41001 3.70026 40.8903 5.73968 2.963
161 12.0375 8.29294 2.44965 3.66945 41.3914 5.2418 2.98877
162 12.1125 8.11881 2.48894 3.62279 41.8923 5.44634 3.01588
163 12.1875 7.36156 2.52501 3.60225 42.3966 5.74329 3.04483
164 12.2625 7.06458 2.56006 3.54294 42.8987 5.43097 3.07253
165 12.3375 6.87383 2.59457 3.52236 43.404 5.72013 3.10208
166 12.4125 7.28839 2.63161 3.46906 43.9078 5.85579 3.13269
167 12.4875 6.86629 2.66693 3.44836 44.4146 5.83291 3.16355
168 12.5625 6.19227 2.69917 3.43359 44.9253 5.89446 3.19511
169 12.6375 6.99163 2.736 3.43489 45.4423 6.02335 3.22775
170 12.7125 6.75045 2.77199 3.42307 45.9637 5.99428 3.26062
171 12.7875 6.1694 2.80526 3.3793 46.4845 5.77648 3.29267
172 12.8625 5.36217 2.83453 3.35581 47.0077 5.75261 3.32496
173 12.9375 4.51031 2.85943 3.35532 47.537 5.31437 3.35514
174 13.0125 4.44852 2.88428 3.34308 48.0705 5.00065 3.38387
175 13.0875 4.54763 2.90997 3.38648 48.6172 5.04029 3.41316
176 13.1625 4.64177 2.9365 3.37011 49.1675 5.51227 3.44556
177 13.2375 4.61575 2.96318 3.3951 49.7282 5.77703 3.47991
178 13.3125 4.86087 2.9916 3.32848 50.2842 5.90153 3.5154
179 13.3875 5.10726 3.02179 3.33984 50.8483 5.6266 3.54961
180 13.4625 6.08431 3.05817 3.28399 51.4093 5.45229 3.58314
181 13.5375 6.5478 3.09775 3.21248 51.9642 5.2502 3.61578
182 13.6125 6.92347 3.14007 3.21396 52.5254 5.47086 3.65018
183 13.6875 6.96467 3.18311 3.18501 53.0878 5.44603 3.6848
184 13.7625 6.28654 3.22239 3.11935 53.6447 5.38143 3.71938
185 13.8375 5.96571 3.26007 3.09867 54.2039 5.57124 3.75558
186 13.9125 5.80802 3.29715 3.08793 54.7672 5.30725 3.79043
187 13.9875 5.24448 3.331 2.9914 55.3188 5.0716 3.8241
188 14.0625 4.89274 3.36292 3.02072 55.8818 5.19256 3.85894
189 14.1375 5.48137 3.39906 3.00889 56.4486 4.8386 3.89175
190 14.2125 5.68631 3.43694 2.99538 57.0188 4.47963 3.92245
191 14.2875 5.82065 3.47614 2.99589 57.5952 4.31742 3.95235
192 14.3625 6.05394 3.51733 2.9789 58.1743 3.97975 3.98021
193 14.4375 6.19321 3.55992 2.9568 58.7552 3.48191 4.00483
194 14.5125 7.46678 3.61179 2.96819 59.3444 3.47323 4.02965
195 14.5875 6.90741 3.66028 2.95721 59.9375 3.00862 4.05138
196 14.6625 6.66263 3.70753 3.01385 60.5482 2.64472 4.07067
197 14.7375 6.60662 3.75486 2.99393 61.161 2.64425 4.09015
198 14.8125 6.63584 3.80289 2.9867 61.7786 2.25467 4.10694
199 14.8875 6.05053 3.84712 2.93311 62.3913 2.19599 4.12345
200 14.9625 5.73049 3.88944 2.90997 63.0053 2.2426 4.14049
100000 200
1 0.0375 0 0 0 0 0 0
2 0.1125 0 0 0 0 0 0
3 0.1875 0 0 0 0 0 0
4 0.2625 0 0 0 0 0 0
5 0.3375 0 0 0 0 0 0
6 0.4125 0 0 0 0 0 0
7 0.4875 0 0 0 0 0 0
8 0.5625 0 0 0 0 0 0
9 0.6375 0 0 0 0 0 0
10 0.7125 0 0 0 0 0 0
11 0.7875 0 0 0 0 0 0
12 0.8625 0 0 0 0 0 0
13 0.9375 0 0 0 0 0 0
14 1.0125 0 0 0 0 0 0
15 1.0875 0 0 0 0 0 0
16 1.1625 0 0 0 0 0 0
17 1.2375 0 0 0 0 0 0
18 1.3125 0 0 0 0 0 0
19 1.3875 0 0 0 0 0 0
20 1.4625 0 0 0 0 0 0
21 1.5375 0 0 0 0 0 0
22 1.6125 0 0 0 0 0 0
23 1.6875 0 0 0 0 0 0
24 1.7625 0 0 0 0 0 0
25 1.8375 0 0 0 0 0 0
26 1.9125 0 0 0 0 0 0
27 1.9875 0 0 0 0 0 0
28 2.0625 0 0 0 0 0 0
29 2.1375 0 0 0 0 0 0
30 2.2125 0 0 0 0 0 0
31 2.2875 0 0 0 0 0 0
32 2.3625 0 0 0 0 0 0
33 2.4375 0 0 0 0 0 0
34 2.5125 0 0 0 0 0 0
35 2.5875 0 0 0 0 0 0
36 2.6625 0 0 0 0 0 0
37 2.7375 0 0 0 0 0 0
38 2.8125 0 0 0 0 0 0
39 2.8875 0 0 0 0 0 0
40 2.9625 0 0 0 0 0 0
41 3.0375 0 0 0.00718711 6.25e-05 0 0
42 3.1125 0 0 0.0608438 0.000618056 0.0422527 1.38889e-05
43 3.1875 0 0 0.280645 0.00330556 0.584173 0.000215278
44 3.2625 0 0 1.13663 0.0147083 5.94158 0.00236111
45 3.3375 0 0 3.19288 0.0482292 17.2164 0.00886806
46 3.4125 0 0 7.29892 0.12834 29.8603 0.0206667
47 3.4875 0 0 12.6434 0.273278 50.5834 0.0415417
48 3.5625 0 0 19.045 0.50109 81.2449 0.0765278
49 3.6375 0.190923 8.33333e-05 25.8605 0.82359 117.559 0.129306
50 3.7125 0.672053 0.000388889 31.6807 1.23513 167.875 0.207813
51 3.7875 3.14046 0.001875 36.0899 1.72308 248.852 0.328938
52 3.8625 10.4983 0.00704167 39.1696 2.27385 266.129 0.463653
53 3.9375 20.0144 0.0172778 39.5579 2.8519 126.48 0.530188
54 4.0125 25.1571 0.0306389 35.3453 3.38824 41.7215 0.552979
55 4.0875 18.3204 0.0407361 27.4575 3.82062 22.491 0.565729
56 4.1625 14.41 0.0489722 19.3877 4.13722 18.6284 0.576681
57 4.2375 12.4975 0.056375 15.003 4.39113 16.003 0.586431
58 4.3125 9.71217 0.0623333 13.4841 4.62749 17.4541 0.597444
59 4.3875 8.85806 0.0679583 12.8196 4.86008 20.1266 0.61059
60 4.4625 9.07024 0.0739167 12.5237 5.09513 26.0438 0.628187
61 4.5375 8.97738 0.0800139 12.5125 5.33794 27.5062 0.647403
62 4.6125 9.47941 0.0866667 12.6173 5.59094 28.745 0.668153
63 4.6875 11.6312 0.0950972 12.6722 5.85337 28.9224 0.689715
64 4.7625 11.8061 0.103931 12.5416 6.12147 29.4714 0.712396
65 4.8375 12.3065 0.113431 12.8299 6.40444 29.2381 0.735611
66 4.9125 13.3991 0.124097 13.0487 6.70124 32.8811 0.762535
67 4.9875 13.8285 0.135444 13.5967 7.02001 37.5769 0.79425
68 5.0625 15.7054 0.148722 13.9038 7.35585 39.3787 0.828493
69 5.1375 15.2502 0.162 13.6711 7.69594 39.2454 0.863639
70 5.2125 12.6295 0.173319 13.2876 8.0362 40.8511 0.901299
71 5.2875 10.828 0.183306 12.7335 8.37173 39.8761 0.939125
72 5.3625 11.2886 0.194014 12.1705 8.70158 37.95 0.976153
73 5.4375 11.0506 0.204792 11.9049 9.03333 32.8954 1.00915
74 5.5125 11.2507 0.216069 11.7771 9.37062 28.8475 1.0389
75 5.5875 12.2993 0.228736 11.8506 9.71933 23.286 1.06356
76 5.6625 9.00803 0.238264 11.8786 10.0783 19.2901 1.08455
77 5.7375 8.96592 0.248 11.4204 10.4326 17.6451 1.10426
78 5.8125 8.31232 0.257264 11.1564 10.7879 15.9387 1.12253
79 5.8875 8.55132 0.267042 10.8829 11.1434 16.232 1.14162
80 5.9625 8.97708 0.277569 10.7207 11.5026 16.2004 1.16116
81 6.0375 11.8857 0.291861 10.6898 11.8699 14.9413 1.17964
82 6.1125 17.1965 0.313056 10.4899 12.2393 13.7169 1.19703
83 6.1875 19.7734 0.338028 10.1848 12.6068 11.7291 1.21226
84 6.2625 19.1416 0.362792 10.1782 12.983 9.91555 1.22546
85 6.3375 19.2888 0.388347 10.1136 13.3658 9.04526 1.23778
86 6.4125 21.5946 0.417639 9.92929 13.7506 8.55618 1.24972
87 6.4875 21.9585 0.448125 9.86823 14.1421 9.51689 1.26331
88 6.5625 20.648 0.477458 9.51462 14.5283 10.9592 1.27933
89 6.6375 18.7888 0.504764 9.28961 14.914 11.9255 1.29715
90 6.7125 18.1844 0.531792 8.98082 15.2954 13.4911 1.31778
91 6.7875 19.7953 0.561875 8.94066 15.6836 14.0343 1.33972
92 6.8625 23.6296 0.598583 9.01839 16.0839 15.7327 1.36485
93 6.9375 27.3468 0.642 9.09129 16.4963 15.4837 1.39014
94 7.0125 27.1161 0.685986 9.1 16.918 15.9284 1.41672
95 7.0875 25.3298 0.727958 9.16468 17.3519 15.9883 1.44397
96 7.1625 27.3218 0.774194 9.24018 17.7987 16.4811 1.47265
97 7.2375 23.8889 0.815472 9.30624 18.2581 16.8602 1.50262
98 7.3125 20.5746 0.851764 9.45213 18.7345 17.8443 1.53499
99 7.3875 18.4309 0.884944 9.32018 19.2139 15.8337 1.56431
100 7.4625 14.9397 0.912389 9.19915 19.6967 15.8295 1.59422
101 7.5375 13.3322 0.937375 9.0463 20.1811 15.3467 1.62381
102 7.6125 11.654 0.959653 9.08444 20.6773 15.8475 1.65497
103 7.6875 13.0165 0.985028 8.84297 21.1698 16.6342 1.68832
104 7.7625 13.989 1.01283 8.6657 21.6619 16.6472 1.72235
105 7.8375 13.7705 1.04074 8.4733 22.1525 16.0469 1.7558
106 7.9125 12.5221 1.0666 8.16055 22.634 15.2178 1.78812
107 7.9875 12.321 1.09253 8.10041 23.1211 14.4426 1.81939
108 8.0625 12.1641 1.11861 7.94599 23.6079 14.0523 1.85038
109 8.1375 10.9173 1.14246 7.74389 24.0912 12.9661 1.87951
110 8.2125 11.2744 1.16754 7.56705 24.5722 13.2159 1.90976
111 8.2875 10.7709 1.19194 7.45849 25.055 12.4295 1.93872
112 8.3625 12.8122 1.2215 7.32615 25.5379 10.7442 1.96422
113 8.4375 12.4435 1.25072 7.37306 26.0326 10.0365 1.98846
114 8.5125 13.2421 1.28237 7.31448 26.5321 9.27577 2.01126
115 8.5875 14.3535 1.31729 7.23663 27.0351 8.35677 2.03217
116 8.6625 13.7132 1.35124 7.33683 27.554 7.74082 2.05188
117 8.7375 15.012 1.38904 7.37906 28.0849 7.9463 2.07247
118 8.8125 13.3968 1.42336 7.47164 28.6318 8.20431 2.09408
119 8.8875 11.919 1.45442 7.56314 29.1948 9.07441 2.1184
120 8.9625 11.0127 1.4836 7.55386 29.7667 10.3399 2.14658
121 9.0375 9.88215 1.51022 7.53988 30.3471 11.026 2.17714
122 9.1125 10.5771 1.53919 7.41246 30.9272 12.1713 2.21143
123 9.1875 9.36258 1.56526 7.43789 31.519 11.7431 2.24506
124 9.2625 8.22024 1.58853 7.35898 32.114 11.4654 2.27844
125 9.3375 8.74064 1.61367 7.46569 32.7275 11.7843 2.3133
126 9.4125 7.96508 1.63694 7.50213 33.3539 11.5903 2.34814
127 9.4875 8.37289 1.66181 7.52389 33.9922 12.8403 2.38735
128 9.5625 7.52837 1.68451 7.51261 34.6397 13.0471 2.42783
129 9.6375 7.75617 1.70828 7.52442 35.2983 13.5588 2.47056
130 9.7125 7.72612 1.73232 7.588 35.973 14.294 2.51631
131 9.7875 7.74441 1.75679 7.58814 36.6581 14.1676 2.56236
132 9.8625 7.68335 1.78144 7.51082 37.3466 13.9824 2.60851
133 9.9375 7.70425 1.80654 7.40109 38.0355 13.0261 2.65215
134 10.0125 7.69006 1.83197 7.3373 38.7287 12.9398 2.69617
135 10.0875 8.03128 1.85893 7.22823 39.4219 12.2976 2.73862
136 10.1625 9.15254 1.89011 7.03197 40.1064 11.1239 2.7776
137 10.2375 9.74205 1.92379 6.97347 40.7952 10.4733 2.81485
138 10.3125 10.456 1.96047 6.94121 41.4909 9.80377 2.85022
139 10.3875 10.4305 1.9976 6.87623 42.1902 9.05381 2.88337
140 10.4625 10.2084 2.03446 6.7747 42.8891 8.35232 2.91439
141 10.5375 9.75643 2.07019 6.68478 43.5887 7.50207 2.94265
142 10.6125 7.77971 2.0991 6.57506 44.2866 7.25284 2.97037
143 10.6875 7.21382 2.12628 6.61353 44.9986 7.0439 2.99767
144 10.7625 6.92824 2.15275 6.64006 45.7235 7.46556 3.02701
145 10.8375 6.74665 2.17889 6.63329 46.4578 7.07331 3.05519
146 10.9125 6.53048 2.20454 6.7765 47.2183 6.92658 3.08318
147 10.9875 6.12077 2.22892 6.83298 47.9958 7.21041 3.11272
148 11.0625 5.65272 2.25174 6.77545 48.7773 7.34043 3.14319
149 11.1375 6.20819 2.27714 6.72953 49.564 7.6478 3.17538
150 11.2125 7.25405 2.30722 6.63078 50.3497 8.55031 3.21185
151 11.2875 7.23728 2.33764 6.57846 51.1396 8.72623 3.24958
152 11.3625 8.52807 2.37396 6.53659 51.935 8.83018 3.28826
153 11.4375 9.84242 2.41643 6.42896 52.7276 8.94162 3.32794
154 11.5125 10.1403 2.46076 6.38755 53.5255 9.33202 3.36991
155 11.5875 9.20669 2.50154 6.36934 54.3316 9.70397 3.41412
156 11.6625 10.0731 2.54674 6.29721 55.1388 9.24098 3.45676
157 11.7375 10.4246 2.59411 6.27957 55.9542 8.94202 3.49856
158 11.8125 11.1133 2.64526 6.25437 56.7767 8.74522 3.53997
159 11.8875 11.5754 2.69922 6.23582 57.6072 8.6555 3.58147
160 11.9625 10.9423 2.75087 6.27037 58.4529 8.892 3.62464
161 12.0375 11.5677 2.80617 6.24491 59.3057 8.96093 3.66869
162 12.1125 10.7619 2.85825 6.22647 60.1667 8.81543 3.71258
163 12.1875 10.5052 2.90972 6.22319 61.0379 8.62458 3.75604
164 12.2625 9.97665 2.95921 6.16837 61.9121 8.46496 3.79923
165 12.3375 9.98573 3.00935 6.11437 62.7892 8.30857 3.84214
166 12.4125 10.7891 3.06418 6.09647 63.6745 7.82986 3.88307
167 12.4875 10.7571 3.11951 6.09566 64.5703 7.55496 3.92304
168 12.5625 11.232 3.17799 6.07319 65.4737 7.32625 3.96227
169 12.6375 10.7379 3.23456 6.02886 66.3811 7.05885 4.00052
170 12.7125 10.3093 3.28951 6.00699 67.2961 6.86942 4.03819
171 12.7875 9.77164 3.34222 5.97373 68.2167 6.51496 4.07433
172 12.8625 10.0779 3.39722 5.98354 69.1497 6.63591 4.11158
173 12.9375 8.3515 3.44333 6.01813 70.0991 6.69126 4.14958
174 13.0125 7.43244 3.48485 5.99365 71.0556 7.0483 4.19008
175 13.0875 6.70346 3.52272 5.88953 72.0063 6.75385 4.22933
176 13.1625 6.44988 3.55958 5.82762 72.9579 6.7279 4.26887
177 13.2375 5.82676 3.59326 5.7796 73.9124 6.7827 4.3092
178 13.3125 5.13408 3.62328 5.71225 74.8665 6.57368 4.34873
179 13.3875 5.08846 3.65336 5.67766 75.8256 6.4968 4.38824
180 13.4625 4.95526 3.68299 5.6286 76.787 6.67871 4.42931
181 13.5375 4.89591 3.71258 5.59479 77.7534 6.45526 4.46944
182 13.6125 4.36949 3.73929 5.58091 78.728 7.11996 4.51421
183 13.6875 4.66109 3.7681 5.62351 79.721 7.61351 4.5626
184 13.7625 5.02612 3.7995 5.61436 80.7232 7.7566 4.61245
185 13.8375 4.77828 3.82968 5.55093 81.7249 7.77857 4.66299
186 13.9125 5.16631 3.86267 5.5166 82.7313 7.94449 4.71516
187 13.9875 5.27246 3.89669 5.49157 83.7439 7.825 4.7671
188 14.0625 5.30153 3.93128 5.50275 84.7695 7.69518 4.81874
189 14.1375 5.69414 3.96882 5.48559 85.8028 7.27684 4.86808
190 14.2125 5.30903 4.00419 5.49806 86.8495 7.20835 4.91749
191 14.2875 5.32976 4.04008 5.43122 87.8945 6.94437 4.96558
192 14.3625 5.77839 4.0794 5.41179 88.9466 6.45928 5.01079
193 14.4375 5.93869 4.12024 5.4292 90.0132 6.34226 5.05565
194 14.5125 6.21332 4.1634 5.41455 91.088 5.63646 5.09592
195 14.5875 6.30393 4.20765 5.4408 92.1791 5.56711 5.13612
196 14.6625 7.81419 4.26307 5.46401 93.2863 5.0876 5.17323
197 14.7375 8.20981 4.32189 5.38713 94.389 4.86633 5.20909
198 14.8125 7.59149 4.37683 5.39679 95.505 4.56438 5.24307
199 14.8875 6.73822 4.4261 5.40721 96.6345 4.12603 5.2741
200 14.9625 6.65203 4.47522 5.35534 97.7645 3.99883 5.30447
150000 200
1 0.0375 0 0 0 0 0 0
2 0.1125 0 0 0 0 0 0
3 0.1875 0 0 0 0 0 0
4 0.2625 0 0 0 0 0 0
5 0.3375 0 0 0 0 0 0
6 0.4125 0 0 0 0 0 0
7 0.4875 0 0 0 0 0 0
8 0.5625 0 0 0 0 0 0
9 0.6375 0 0 0 0 0 0
10 0.7125 0 0 0 0 0 0
11 0.7875 0 0 0 0 0 0
12 0.8625 0 0 0 0 0 0
13 0.9375 0 0 0 0 0 0
14 1.0125 0 0 0 0 0 0
15 1.0875 0 0 0 0 0 0
16 1.1625 0 0 0 0 0 0
17 1.2375 0 0 0 0 0 0
18 1.3125 0 0 0 0 0 0
19 1.3875 0 0 0 0 0 0
20 1.4625 0 0 0 0 0 0
21 1.5375 0 0 0 0 0 0
22 1.6125 0 0 0 0 0 0
23 1.6875 0 0 0 0 0 0
24 1.7625 0 0 0 0 0 0
25 1.8375 0 0 0 0 0 0
26 1.9125 0 0 0 0 0 0
27 1.9875 0 0 0 0 0 0
28 2.0625 0 0 0 0 0 0
29 2.1375 0 0 0 0 0 0
30 2.2125 0 0 0 0 0 0
31 2.2875 0 0 0 0 0 0
32 2.3625 0 0 0 0 0 0
33 2.4375 0 0 0 0 0 0
34 2.5125 0 0 0 0 0 0
35 2.5875 0 0 0 0 0 0
36 2.6625 0 0 0 0 0 0
37 2.7375 0 0 0 0 0 0
38 2.8125 0 0 0 0 0 0
39 2.8875 0 0 0 0 0 0
40 2.9625 0 0 0.00167902 1.38889e-05 0 0
41 3.0375 0 0 0.00558997 6.25e-05 0 0
42 3.1125 0 0 0.047154 0.000493056 0.147884 4.86111e-05
43 3.1875 0 0 0.310377 0.00346528 1.18849 0.000458333
44 3.2625 0 0 1.1747 0.01525 5.03785 0.00227778
45 3.3375 0 0 3.18098 0.0486458 10.6385 0.00629861
46 3.4125 0 0 6.56182 0.120667 16.9952 0.0130139
47 3.4875 0 0 10.983 0.246569 26.234 0.0238403
48 3.5625 0.165872 6.94444e-05 16.5562 0.444611 44.396 0.0429583
49 3.6375 2.45018 0.00113889 22.5873 0.726292 84.5806 0.0809306
50 3.7125 8.06463 0.00480556 28.5929 1.09772 149.373 0.150785
51 3.7875 15.7316 0.01225 34.2927 1.56137 238.95 0.26709
52 3.8625 24.4115 0.0242639 37.844 2.09351 270.464 0.404
53 3.9375 31.9361 0.0405972 39.7908 2.67495 168.103 0.492431
54 4.0125 34.493 0.0589167 38.2427 3.25526 78.4598 0.535292
55 4.0875 36.3384 0.0789444 31.8993 3.75758 44.7493 0.56066
56 4.1625 28.7227 0.0953611 24.4418 4.15672 32.7562 0.579917
57 4.2375 29.8253 0.113028 18.8741 4.47615 25.1442 0.595236
58 4.3125 27.9367 0.130167 15.9848 4.75633 21.9332 0.609076
59 4.3875 21.4781 0.143806 14.9634 5.02782 21.0728 0.62284
60 4.4625 18.2462 0.155792 14.6001 5.30185 21.0488 0.637062
61 4.5375 15.8076 0.166528 14.8064 5.58917 23.0129 0.653139
62 4.6125 14.2884 0.176556 14.5657 5.88124 25.6281 0.671639
63 4.6875 13.9306 0.186653 14.3358 6.17812 27.1339 0.691868
64 4.7625 11.6947 0.195403 14.0714 6.47892 25.1581 0.711229
65 4.8375 11.9646 0.204639 14.1372 6.79073 27.4015 0.732986
66 4.9125 11.1659 0.213528 14.3869 7.11796 28.0638 0.755965
67 4.9875 12.6945 0.223944 14.3455 7.45428 31.0604 0.782181
68 5.0625 10.9576 0.233208 14.492 7.80434 34.2677 0.811979
69 5.1375 11.645 0.243347 14.3148 8.16044 37.8418 0.845868
70 5.2125 10.584 0.252833 14.0179 8.5194 39.6534 0.882424
71 5.2875 11.3702 0.263319 13.9693 8.88749 39.2832 0.919687
72 5.3625 11.8889 0.274597 13.6536 9.25754 36.7187 0.955514
73 5.4375 14.7816 0.289014 13.436 9.63195 36.9588 0.99259
74 5.5125 17.1393 0.306194 13.1561 10.0087 35.7782 1.02948
75 5.5875 18.7322 0.325486 12.9551 10.3899 34.4111 1.06593
76 5.6625 20.209 0.346861 12.8737 10.779 33.1928 1.10204
77 5.7375 18.8911 0.367375 12.5084 11.1671 31.6903 1.13744
78 5.8125 16.5623 0.385833 12.3196 11.5594 31.5624 1.17362
79 5.8875 14.4789 0.402389 12.2471 11.9595 29.423 1.20822
80 5.9625 14.3302 0.419194 12.2237 12.369 27.8585 1.24183
81 6.0375 15.0852 0.437333 12.0506 12.783 25.0931 1.27286
82 6.1125 15.2357 0.456111 11.9176 13.2027 21.3203 1.29989
83 6.1875 13.109 0.472667 11.9055 13.6323 19.7107 1.32549
84 6.2625 10.9181 0.486792 11.8849 14.0716 16.0736 1.34688
85 6.3375 9.83309 0.499819 11.7406 14.516 14.982 1.3673
86 6.4125 11.6728 0.515653 11.7018 14.9695 13.4888 1.38612
87 6.4875 10.6541 0.530444 11.555 15.4279 12.8529 1.40447
88 6.5625 12.074 0.547597 11.5017 15.8947 12.5418 1.4228
89 6.6375 14.0486 0.568014 11.3464 16.3659 12.4272 1.44137
90 6.7125 15.0633 0.590403 11.0856 16.8366 12.0193 1.45975
91 6.7875 16.2219 0.615056 10.9099 17.3103 11.3998 1.47757
92 6.8625 19.6869 0.645639 10.6983 17.7852 12.4906 1.49753
93 6.9375 22.2116 0.680903 10.5665 18.2645 13.1192 1.51895
94 7.0125 23.9224 0.719708 10.6327 18.7573 13.2064 1.54099
95 7.0875 23.511 0.758667 10.7635 19.2669 13.9103 1.56469
96 7.1625 21.8147 0.795583 10.7577 19.787 14.2629 1.58952
97 7.2375 20.7943 0.831514 10.8441 20.3224 15.6021 1.61725
98 7.3125 18.8502 0.864764 10.9493 20.8742 16.187 1.64662
99 7.3875 16.965 0.895306 11.0831 21.4443 16.085 1.6764
100 7.4625 14.0325 0.921083 11.1497 22.0295 15.4362 1.70557
101 7.5375 13.3248 0.946056 11.1199 22.6249 14.5686 1.73365
102 7.6125 12.4532 0.969861 10.943 23.2226 16.2537 1.76561
103 7.6875 12.3325 0.993903 11.0214 23.8365 16.9286 1.79956
104 7.7625 11.0612 1.01589 10.9126 24.4562 17.4998 1.83533
105 7.8375 10.6243 1.03742 10.7196 25.0768 18.2594 1.87339
106 7.9125 10.2289 1.05854 10.6692 25.7063 17.2578 1.91005
107 7.9875 10.1037 1.07981 10.4838 26.3367 15.7001 1.94403
108 8.0625 9.4502 1.10007 10.3869 26.9731 14.723 1.97651
109 8.1375 10.6566 1.12335 10.2641 27.6137 13.436 2.00669
110 8.2125 9.98837 1.14557 10.0944 28.2553 12.6849 2.03572
111 8.2875 11.58 1.17181 9.94727 28.8992 11.6309 2.06283
112 8.3625 11.596 1.19856 9.85973 29.5491 10.7881 2.08842
113 8.4375 11.3671 1.22525 9.59352 30.1928 9.19416 2.11063
114 8.5125 12.5041 1.25514 9.48216 30.8404 8.17703 2.13074
115 8.5875 12.7377 1.28612 9.38011 31.4923 8.13196 2.15108
116 8.6625 13.5449 1.31965 9.29439 32.1496 8.26179 2.17212
117 8.7375 12.6957 1.35162 9.03871 32.8 8.21708 2.1934
118 8.8125 12.7299 1.38424 8.94557 33.4548 8.76304 2.21649
119 8.8875 13.9552 1.4206 8.8706 34.1151 8.67536 2.23974
120 8.9625 13.5444 1.45649 8.87806 34.7873 8.53077 2.26299
121 9.0375 13.3876 1.49256 8.89722 35.4722 9.48235 2.28927
122 9.1125 13.2746 1.52892 8.87879 36.167 9.65719 2.31648
123 9.1875 13.1934 1.56565 8.93545 36.8779 10.7416 2.34724
124 9.2625 13.3487 1.60343 8.92531 37.5996 11.2722 2.38006
125 9.3375 11.9037 1.63767 8.86812 38.3283 12.2655 2.41634
126 9.4125 10.788 1.66919 8.90317 39.0717 13.4824 2.45687
127 9.4875 10.3047 1.69979 8.98104 39.8336 13.8294 2.4991
128 9.5625 9.25967 1.72772 8.9582 40.6057 13.6738 2.54153
129 9.6375 9.16144 1.75579 9.02581 41.3958 13.074 2.58273
130 9.7125 9.14101 1.78424 8.93616 42.1903 13.387 2.62558
131 9.7875 8.78169 1.81199 8.90865 42.9946 12.3473 2.66571
132 9.8625 8.50579 1.83928 8.84738 43.8057 11.5773 2.70392
133 9.9375 8.30114 1.86632 8.79522 44.6243 10.8084 2.74013
134 10.0125 8.76944 1.89532 8.77882 45.4537 10.7308 2.77663
135 10.0875 9.24363 1.92635 8.69504 46.2876 10.433 2.81265
136 10.1625 9.10362 1.95736 8.61555 47.1262 10.4679 2.84933
137 10.2375 9.25193 1.98935 8.60198 47.9759 10.2799 2.88589
138 10.3125 9.5296 2.02278 8.56066 48.8339 10.6717 2.9244
139 10.3875 10.3017 2.05944 8.50127 49.6985 11.2068 2.96542
140 10.4625 9.79296 2.09481 8.47218 50.5725 11.4487 3.00794
141 10.5375 9.88536 2.13101 8.38519 51.4501 11.8927 3.05275
142 10.6125 10.3443 2.16944 8.37098 52.3386 11.9524 3.09842
143 10.6875 11.228 2.21175 8.27455 53.2294 11.4322 3.14273
144 10.7625 10.9812 2.25371 8.22559 54.1274 11.5456 3.1881
145 10.8375 11.1345 2.29685 8.20668 55.0358 11.104 3.23235
146 10.9125 10.7627 2.33912 8.2297 55.9595 10.9296 3.27651
147 10.9875 10.5989 2.38133 8.20929 56.8935 11.9541 3.32548
148 11.0625 10.0703 2.42199 8.16434 57.8352 11.8711 3.37477
149 11.1375 9.3038 2.46006 8.22048 58.7962 11.9048 3.42488
150 11.2125 8.42286 2.49499 8.22118 59.7704 12.298 3.47733
151 11.2875 8.62525 2.53124 8.1999 60.755 11.4668 3.5269
152 11.3625 8.91289 2.56919 8.21237 61.7543 11.7773 3.57849
153 11.4375 8.68052 2.60665 8.08458 62.751 11.4903 3.62949
154 11.5125 8.78698 2.64507 8.08477 63.761 11.5048 3.68123
155 11.5875 8.91192 2.68454 8.00844 64.7744 11.1658 3.7321
156 11.6625 9.46322 2.727 8.04407 65.8056 10.2492 3.7794
157 11.7375 9.7308 2.77122 8.01439 66.8462 9.67146 3.8246
158 11.8125 10.5793 2.81992 7.99141 67.8971 9.30408 3.86865
159 11.8875 10.0499 2.86676 7.92072 68.9521 9.07118 3.91215
160 11.9625 10.2685 2.91524 7.86676 70.013 8.5945 3.95388
161 12.0375 10.9778 2.96771 7.84725 71.0847 8.58944 3.9961
162 12.1125 11.1637 3.02174 7.81958 72.166 8.01466 4.036
163 12.1875 11.7297 3.07921 7.84239 73.2638 8.08994 4.07677
164 12.2625 11.7015 3.13725 7.89052 74.3821 7.77622 4.11644
165 12.3375 11.7505 3.19625 7.89818 75.5151 7.68331 4.15613
166 12.4125 11.6991 3.25571 7.82057 76.6507 7.48845 4.19527
167 12.4875 11.3538 3.31411 7.79557 77.7965 7.02601 4.23244
168 12.5625 11.7042 3.37504 7.72793 78.9459 7.31069 4.27159
169 12.6375 11.7213 3.43679 7.70389 80.1055 7.51637 4.31232
170 12.7125 11.2759 3.4969 7.72719 81.2824 7.39502 4.35287
171 12.7875 10.4385 3.55321 7.65101 82.4616 6.93678 4.39135
172 12.8625 10.48 3.6104 7.63451 83.652 7.492 4.43341
173 12.9375 10.5551 3.66868 7.62509 84.8549 7.18773 4.47423
174 13.0125 9.84444 3.72367 7.62204 86.0712 7.48466 4.51723
175 13.0875 8.98219 3.77442 7.54169 87.2887 7.45768 4.56057
176 13.1625 8.78048 3.8246 7.56452 88.5239 7.41073 4.60413
177 13.2375 8.91194 3.87611 7.52295 89.7663 7.16931 4.64676
178 13.3125 8.65738 3.92672 7.44295 91.0095 7.07721 4.68931
179 13.3875 7.94984 3.97372 7.38195 92.2564 7.12718 4.73265
180 13.4625 7.77091 4.02018 7.38754 93.5183 7.11349 4.7764
181 13.5375 7.60004 4.06612 7.32288 94.7831 7.63574 4.82388
182 13.6125 7.95279 4.11474 7.2945 96.0571 7.67555 4.87213
183 13.6875 7.74901 4.16262 7.25973 97.3389 7.66267 4.92084
184 13.7625 7.56697 4.2099 7.24244 98.6318 7.91978 4.97174
185 13.8375 7.51815 4.25739 7.26847 99.9435 7.8534 5.02276
186 13.9125 7.24806 4.30367 7.15716 101.249 7.44115 5.07162
187 13.9875 7.13181 4.34969 7.15714 102.569 7.54359 5.1217
188 14.0625 7.10917 4.39607 7.13514 103.899 7.52544 5.17219
189 14.1375 6.93703 4.44181 7.12522 105.241 7.03517 5.2199
190 14.2125 6.84317 4.4874 7.12167 106.597 7.00063 5.26788
191 14.2875 7.2026 4.5359 7.20607 107.983 6.87218 5.31548
192 14.3625 7.0051 4.58357 7.21337 109.385 6.49996 5.36097
193 14.4375 7.31631 4.63387 7.26111 110.812 6.77333 5.40888
194 14.5125 7.80864 4.68812 7.20137 112.241 6.51691 5.45544
195 14.5875 8.00753 4.74433 7.24406 113.694 6.29714 5.50091
196 14.6625 7.8279 4.79985 7.20349 115.154 6.24145 5.54644
197 14.7375 7.71742 4.85514 7.15197 116.618 6.45609 5.59401
198 14.8125 7.42262 4.90886 7.11757 118.09 6.83864 5.64492
199 14.8875 7.64817 4.96478 7.10701 119.574 6.91674 5.69694
200 14.9625 7.67701 5.02147 7.0314 121.058 7.13555 5.75114
200000 200
1 0.0375 0 0 0 0 0 0
2 0.1125 0 0 0 0 0 0
3 0.1875 0 0 0 0 0 0
4 0.2625 0 0 0 0 0 0
5 0.3375 0 0 0 0 0 0
6 0.4125 0 0 0 0 0 0
7 0.4875 0 0 0 0 0 0
8 0.5625 0 0 0 0 0 0
9 0.6375 0 0 0 0 0 0
10 0.7125 0 0 0 0 0 0
11 0.7875 0 0 0 0 0 0
12 0.8625 0 0 0 0 0 0
13 0.9375 0 0 0 0 0 0
14 1.0125 0 0 0 0 0 0
15 1.0875 0 0 0 0 0 0
16 1.1625 0 0 0 0 0 0
17 1.2375 0 0 0 0 0 0
18 1.3125 0 0 0 0 0 0
19 1.3875 0 0 0 0 0 0
20 1.4625 0 0 0 0 0 0
21 1.5375 0 0 0 0 0 0
22 1.6125 0 0 0 0 0 0
23 1.6875 0 0 0 0 0 0
24 1.7625 0 0 0 0 0 0
25 1.8375 0 0 0 0 0 0
26 1.9125 0 0 0 0 0 0
27 1.9875 0 0 0 0 0 0
28 2.0625 0 0 0 0 0 0
29 2.1375 0 0 0 0 0 0
30 2.2125 0 0 0 0 0 0
31 2.2875 0 0 0 0 0 0
32 2.3625 0 0 0 0 0 0
33 2.4375 0 0 0 0 0 0
34 2.5125 0 0 0 0 0 0
35 2.5875 0 0 0 0 0 0
36 2.6625 0 0 0 0 0 0
37 2.7375 0 0 0 0 0 0
38 2.8125 0 0 0 0 0 0
39 2.8875 0 0 0 0 0.0245468 6.94444e-06
40 2.9625 0 0 0.0075556 6.25e-05 0.163238 5.55556e-05
41 3.0375 0 0 0.0359355 0.000375 0.133095 9.72222e-05
42 3.1125 0 0 0.212953 0.00231944 0.443653 0.000243056
43 3.1875 0 0 0.717928 0.00919444 1.59137 0.000791667
44 3.2625 0 0 2.03929 0.0296528 3.42266 0.00202778
45 3.3375 0 0 4.00847 0.0717361 6.17365 0.00436111
46 3.4125 0 0 7.24451 0.15125 10.1585 0.008375
47 3.4875 0 0 11.3591 0.281465 15.5822 0.0148056
48 3.5625 0 0 16.6862 0.481062 25.9797 0.0259931
49 3.6375 0.254564 0.000111111 22.3083 0.759264 49.05 0.0480139
50 3.7125 2.84095 0.00140278 27.528 1.11686 96.3148 0.0930556
51 3.7875 6.31026 0.00438889 32.3559 1.55433 185.847 0.183514
52 3.8625 12.3609 0.0104722 36.9358 2.07369 243.082 0.306563
53 3.9375 17.6517 0.0195 39.5456 2.65155 171.126 0.396583
54 4.0125 21.8098 0.0310833 38.1269 3.2301 83.837 0.442382
55 4.0875 28.1232 0.0465833 32.0351 3.73456 47.138 0.469104
56 4.1625 27.289 0.0621806 25.2646 4.14714 35.9928 0.490264
57 4.2375 23.8696 0.0763194 20.1108 4.48749 31.0029 0.509153
58 4.3125 23.024 0.0904444 17.1235 4.78764 27.4468 0.526472
59 4.3875 20.8875 0.103708 15.7202 5.07285 25.0386 0.542826
60 4.4625 19.1342 0.116278 14.8939 5.3524 23.3202 0.558583
61 4.5375 16.5028 0.127486 14.7478 5.63858 20.9353 0.573208
62 4.6125 13.0812 0.136667 14.6018 5.93137 21.0008 0.588368
63 4.6875 10.3474 0.144167 14.8019 6.2379 20.5577 0.603694
64 4.7625 9.68991 0.151417 14.7646 6.55353 21.314 0.620097
65 4.8375 11.083 0.159972 14.9929 6.88421 24.1392 0.639264
66 4.9125 11.5149 0.169139 15.1471 7.22873 26.3507 0.66084
67 4.9875 14.641 0.181153 15.3384 7.58833 29.8591 0.686042
68 5.0625 17.5782 0.196014 15.5801 7.96467 32.1514 0.714
69 5.1375 17.5632 0.211306 15.7528 8.35654 34.647 0.745028
70 5.2125 17.1854 0.226708 15.6271 8.75672 38.1016 0.780153
71 5.2875 18.1471 0.243444 15.315 9.16026 40.4032 0.818479
72 5.3625 19.1072 0.261569 15.0692 9.56868 44.3557 0.861757
73 5.4375 18.1138 0.279236 14.8181 9.9816 47.7717 0.909681
74 5.5125 18.1924 0.297472 14.528 10.3977 48.5888 0.959778
75 5.5875 17.8826 0.315889 14.2836 10.818 45.7132 1.0082
76 5.6625 18.0817 0.335014 14.0578 11.2428 44.9444 1.0571
77 5.7375 16.1028 0.3525 14.034 11.6782 43.4165 1.10559
78 5.8125 14.9921 0.369208 13.9049 12.121 41.0614 1.15266
79 5.8875 12.0132 0.382944 13.6637 12.5674 39.2779 1.19885
80 5.9625 10.6825 0.395472 13.5254 13.0206 35.239 1.24136
81 6.0375 9.07885 0.406389 13.2386 13.4754 31.0449 1.27976
82 6.1125 8.56444 0.416944 13.0011 13.9332 27.2201 1.31426
83 6.1875 9.28186 0.428667 12.5999 14.3878 24.0356 1.34549
84 6.2625 8.78175 0.440028 12.5391 14.8513 19.9146 1.37199
85 6.3375 9.84358 0.453069 12.4003 15.3207 16.8777 1.39499
86 6.4125 8.47811 0.464569 12.2912 15.7971 14.997 1.41591
87 6.4875 10.6942 0.479417 12.1215 16.2779 14.1076 1.43606
88 6.5625 11.7709 0.496139 11.9723 16.7639 14.5854 1.45737
89 6.6375 13.7619 0.516139 11.9747 17.2611 15.1728 1.48005
90 6.7125 14.9231 0.538319 11.8869 17.7659 14.2133 1.50178
91 6.7875 16.5509 0.563472 11.668 18.2725 12.4793 1.52128
92 6.8625 18.9359 0.592889 11.6139 18.788 12.8947 1.54189
93 6.9375 21.503 0.627028 11.7217 19.3197 13.2213 1.56348
94 7.0125 21.8504 0.662472 11.7242 19.8631 13.1856 1.58548
95 7.0875 21.1222 0.697472 11.8039 20.4219 13.9185 1.6092
96 7.1625 21.3387 0.733583 11.841 20.9944 13.808 1.63324
97 7.2375 19.8056 0.767806 11.8959 21.5817 13.4374 1.65712
98 7.3125 16.866 0.797556 11.9423 22.1836 12.5354 1.67986
99 7.3875 15.2909 0.825083 11.9465 22.7981 11.8059 1.70172
100 7.4625 14.2744 0.851306 11.9017 23.4227 11.0259 1.72256
101 7.5375 13.31 0.87625 11.9154 24.0608 11.2831 1.74431
102 7.6125 12.5041 0.900153 11.8861 24.71 10.8111 1.76556
103 7.6875 11.8124 0.923181 11.8057 25.3675 11.1484 1.78792
104 7.7625 13.0037 0.949028 11.6908 26.0315 10.8389 1.81008
105 7.8375 12.1597 0.973667 11.7203 26.71 10.859 1.83271
106 7.9125 14.4926 1.0036 11.5948 27.3942 11.1674 1.85643
107 7.9875 13.8323 1.03271 11.5713 28.0899 11.1383 1.88054
108 8.0625 14.0555 1.06285 11.4534 28.7916 10.6487 1.90403
109 8.1375 14.0901 1.09362 11.304 29.4971 10.3884 1.92737
110 8.2125 13.8276 1.12439 11.167 30.207 10.4605 1.95131
111 8.2875 14.8659 1.15807 10.9648 30.9167 10.1707 1.97501
112 8.3625 14.4439 1.19139 10.8326 31.6307 9.92468 1.99856
113 8.4375 14.9098 1.2264 10.663 32.3462 9.06191 2.02044
114 8.5125 14.8806 1.26197 10.5444 33.0663 9.04981 2.04269
115 8.5875 16.4089 1.30189 10.3915 33.7885 9.07283 2.0654
116 8.6625 16.3167 1.34228 10.3645 34.5215 8.81548 2.08784
117 8.7375 17.0857 1.38531 10.2318 35.2578 9.23315 2.11176
118 8.8125 16.9588 1.42875 10.1975 36.0041 9.17945 2.13594
119 8.8875 17.1535 1.47344 10.042 36.7517 9.42163 2.16119
120 8.9625 17.701 1.52035 9.89817 37.5011 9.76656 2.18781
121 9.0375 18.6508 1.5706 9.91509 38.2643 10.1514 2.21594
122 9.1125 18.2234 1.62051 9.87296 39.037 10.091 2.24437
123 9.1875 17.4382 1.66907 9.83918 39.8198 10.1767 2.27352
124 9.2625 16.7546 1.71649 9.87956 40.6186 10.6901 2.30464
125 9.3375 15.9939 1.76249 9.78791 41.4229 10.7303 2.33638
126 9.4125 16.5622 1.81089 9.79922 42.2411 11.1583 2.36992
127 9.4875 15.2209 1.85608 9.78284 43.0711 11.5101 2.40508
128 9.5625 12.5335 1.89389 9.70355 43.9073 11.7265 2.44146
129 9.6375 12.1578 1.93114 9.71574 44.7579 11.7562 2.47851
130 9.7125 11.4709 1.96683 9.6418 45.6151 12.031 2.51701
131 9.7875 11.5243 2.00325 9.69889 46.4907 12.0546 2.55619
132 9.8625 11.8432 2.04125 9.6892 47.379 11.1923 2.59313
133 9.9375 11.0469 2.07724 9.607 48.2732 11.31 2.63103
134 10.0125 10.9492 2.11344 9.54872 49.1754 11.3617 2.66967
135 10.0875 11.1635 2.15092 9.50436 50.0869 11.139 2.70813
136 10.1625 11.2073 2.1891 9.46683 51.0083 11.3399 2.74787
137 10.2375 11.0276 2.22722 9.51438 51.9481 11.5512 2.78894
138 10.3125 12.1743 2.26993 9.58677 52.909 11.3973 2.83007
139 10.3875 12.9473 2.31601 9.47403 53.8725 10.8558 2.86981
140 10.4625 12.5739 2.36142 9.47654 54.8502 11.1084 2.91107
141 10.5375 11.986 2.40532 9.45089 55.8392 11.1351 2.95302
142 10.6125 11.5555 2.44825 9.33793 56.8304 10.9383 2.99482
143 10.6875 11.2465 2.49063 9.30616 57.8322 10.8732 3.03696
144 10.7625 11.2902 2.53376 9.1771 58.8341 11.2134 3.08103
145 10.8375 11.1381 2.57692 9.16827 59.849 11.4578 3.12669
146 10.9125 11.2507 2.62111 9.13308 60.874 11.77 3.17424
147 10.9875 11.2615 2.66596 9.10416 61.9099 11.7438 3.22235
148 11.0625 11.5153 2.71244 9.06223 62.9551 11.3008 3.26927
149 11.1375 11.0349 2.7576 9.01318 64.0089 10.9759 3.31547
150 11.2125 10.4825 2.80107 8.99252 65.0744 10.7514 3.36133
151 11.2875 10.304 2.84437 9.04732 66.1608 11.348 3.41038
152 11.3625 10.2956 2.88822 9.01851 67.2581 10.4488 3.45615
153 11.4375 10.499 2.93353 8.93239 68.3594 9.9148 3.50016
154 11.5125 10.1435 2.97787 8.97649 69.4807 9.8756 3.54457
155 11.5875 9.71469 3.0209 8.82867 70.598 9.79696 3.5892
156 11.6625 9.68301 3.06435 8.81934 71.7285 10.1183 3.6359
157 11.7375 9.85611 3.10914 8.84 72.8764 9.72197 3.68134
158 11.8125 8.63902 3.1489 8.77072 74.0298 9.17207 3.72476
159 11.8875 8.60484 3.18901 8.64872 75.1817 8.93503 3.7676
160 11.9625 8.39431 3.22864 8.64004 76.3469 9.0336 3.81147
161 12.0375 8.54573 3.26949 8.53739 77.5129 8.79849 3.85472
162 12.1125 8.98263 3.31296 8.62504 78.7055 8.36761 3.89637
163 12.1875 8.87525 3.35644 8.62458 79.9129 8.40549 3.93874
164 12.2625 8.37221 3.39797 8.63029 81.1359 8.30979 3.98113
165 12.3375 8.76587 3.44199 8.60173 82.3699 8.47531 4.0249
166 12.4125 8.4389 3.48487 8.63373 83.6236 8.03444 4.0669
167 12.4875 8.53224 3.52876 8.64208 84.8937 7.92379 4.10883
168 12.5625 8.45201 3.57276 8.57216 86.1687 7.88911 4.15107
169 12.6375 8.6789 3.61849 8.59621 87.4626 7.86496 4.19369
170 12.7125 8.45174 3.66354 8.5978 88.7722 7.87502 4.23687
171 12.7875 7.6963 3.70506 8.63585 90.1031 7.78917 4.28008
172 12.8625 7.99618 3.74869 8.5699 91.4394 7.65283 4.32304
173 12.9375 8.10246 3.79343 8.51934 92.7833 8.04003 4.3687
174 13.0125 8.09636 3.83865 8.49848 94.1396 8.02256 4.41479
175 13.0875 8.28898 3.88549 8.46808 95.5066 7.9954 4.46126
176 13.1625 8.17535 3.93221 8.37458 96.874 7.75333 4.50683
177 13.2375 8.98883 3.98417 8.27717 98.241 8.0722 4.55483
178 13.3125 9.17292 4.03779 8.33555 99.6333 7.72973 4.60131
179 13.3875 8.43614 4.08767 8.27169 101.031 7.9597 4.64971
180 13.4625 8.89066 4.14082 8.18629 102.429 8.34444 4.70102
181 13.5375 9.18989 4.19638 8.11268 103.83 8.37285 4.75308
182 13.6125 8.77534 4.25001 8.03212 105.233 8.0765 4.80386
183 13.6875 8.83001 4.30458 8.05619 106.655 8.07235 4.85517
184 13.7625 8.61843 4.35843 8.00274 108.084 7.96084 4.90633
185 13.8375 8.78914 4.41394 7.97764 109.524 8.29273 4.96021
186 13.9125 8.54453 4.4685 7.96145 110.976 8.12954 5.0136
187 13.9875 9.16117 4.52762 7.89539 112.432 8.13465 5.0676
188 14.0625 8.94661 4.58599 7.88212 113.901 8.26029 5.12302
189 14.1375 8.45379 4.64172 7.86831 115.383 8.16673 5.1784
190 14.2125 7.87287 4.69418 7.81048 116.87 7.9612 5.23297
191 14.2875 8.27309 4.74989 7.82608 118.376 8.17563 5.28959
192 14.3625 8.21752 4.80581 7.82825 119.898 8.09642 5.34626
193 14.4375 8.5404 4.86453 7.76229 121.423 7.9703 5.40263
194 14.5125 8.51233 4.92367 7.67951 122.947 8.09318 5.46046
195 14.5875 8.23904 4.9815 7.65794 124.483 8.05538 5.51862
196 14.6625 8.09034 5.03887 7.63992 126.031 8.30925 5.57923
197 14.7375 8.31643 5.09846 7.60415 127.587 8.10615 5.63897
198 14.8125 8.33413 5.15878 7.61388 129.162 8.03174 5.69876
199 14.8875 7.76785 5.21557 7.50189 130.729 8.16064 5.76013
200 14.9625 7.5416 5.27126 7.50583 132.313 8.02144 5.82106
250000 200
1 0.0375 0 0 0 0 0 0
2 0.1125 0 0 0 0 0 0
3 0.1875 0 0 0 0 0 0
4 0.2625 0 0 0 0 0 0
5 0.3375 0 0 0 0 0 0
6 0.4125 0 0 0 0 0 0
7 0.4875 0 0 0 0 0 0
8 0.5625 0 0 0 0 0 0
9 0.6375 0 0 0 0 0 0
10 0.7125 0 0 0 0 0 0
11 0.7875 0 0 0 0 0 0
12 0.8625 0 0 0 0 0 0
13 0.9375 0 0 0 0 0 0
14 1.0125 0 0 0 0 0 0
15 1.0875 0 0 0 0 0 0
16 1.1625 0 0 0 0 0 0
17 1.2375 0 0 0 0 0 0
18 1.3125 0 0 0 0 0 0
19 1.3875 0 0 0 0 0 0
20 1.4625 0 0 0 0 0 0
21 1.5375 0 0 0 0 0 0
22 1.6125 0 0 0 0 0 0
23 1.6875 0 0 0 0 0 0
24 1.7625 0 0 0 0 0 0
25 1.8375 0 0 0 0 0 0
26 1.9125 0 0 0 0 0 0
27 1.9875 0 0 0 0 0 0
28 2.0625 0 0 0 0 0 0
29 2.1375 0 0 0 0 0 0
30 2.2125 0 0 0 0 0 0
31 2.2875 0 0 0 0 0 0
32 2.3625 0 0 0 0 0 0
33 2.4375 0 0 0 0 0 0
34 2.5125 0 0 0 0 0 0
35 2.5875 0 0 0 0 0 0
36 2.6625 0 0 0 0 0 0
37 2.7375 0 0 0 0 0 0
38 2.8125 0 0 0 0 0 0
39 2.8875 0 0 0 0 0 0
40 2.9625 0 0 0.0100741 8.33333e-05 0.0466395 1.38889e-05
41 3.0375 0 0 0.0487126 0.000506944 0.110912 4.86111e-05
42 3.1125 0 0 0.220559 0.00252083 0.359148 0.000166667
43 3.1875 0 0 0.727356 0.00948611 0.745324 0.000423611
44 3.2625 0 0 1.8517 0.0280625 1.38445 0.000923611
45 3.3375 0 0 4.025 0.0703194 3.9504 0.00241667
46 3.4125 0 0 6.91107 0.146174 6.60829 0.00502778
47 3.4875 0 0 10.9121 0.271264 13.361 0.0105417
48 3.5625 0 0 16.0482 0.463229 23.9477 0.0208542
49 3.6375 0.604589 0.000263889 21.4547 0.730785 43.7134 0.0404792
50 3.7125 2.44383 0.001375 26.9395 1.08074 78.4358 0.0771597
51 3.7875 6.48636 0.00444444 32.399 1.51878 125.596 0.138292
52 3.8625 10.9781 0.00984722 37.1116 2.04062 152.031 0.21525
53 3.9375 15.9137 0.0179861 40.1116 2.62675 122.414 0.279646
54 4.0125 20.0838 0.0286528 39.1657 3.22107 82.4895 0.324708
55 4.0875 22.554 0.0410833 34.4505 3.76356 57.0728 0.357062
56 4.1625 23.644 0.0545972 28.1049 4.22252 45.183 0.383625
57 4.2375 22.1579 0.0677222 22.9597 4.61109 39.4375 0.407653
58 4.3125 20.5789 0.0803472 19.4978 4.95285 32.9713 0.428458
59 4.3875 20.0345 0.0930694 17.3507 5.26765 30.5886 0.448438
60 4.4625 18.9651 0.105528 16.3758 5.57501 30.3707 0.468958
61 4.5375 14.6828 0.1155 15.6757 5.87919 29.047 0.48925
62 4.6125 12.0521 0.123958 15.3481 6.18695 28.2255 0.509625
63 4.6875 12.6276 0.133111 15.1261 6.5002 27.8884 0.530417
64 4.7625 14.0894 0.143653 15.0803 6.82258 30.4009 0.553813
65 4.8375 13.2061 0.153847 15.1696 7.15715 31.3634 0.578715
66 4.9125 14.2889 0.165222 15.1475 7.50168 31.6853 0.60466
67 4.9875 14.421 0.177056 15.3532 7.86163 32.4591 0.632056
68 5.0625 13.2411 0.18825 15.5523 8.2373 35.2739 0.662729
69 5.1375 13.5274 0.200028 15.4161 8.62079 36.8958 0.695771
70 5.2125 14.954 0.213431 15.2889 9.01231 38.1694 0.730958
71 5.2875 14.4574 0.226764 15.208 9.41303 38.8366 0.767799
72 5.3625 12.7381 0.238847 15.1866 9.82463 38.9251 0.805778
73 5.4375 14.0126 0.252514 15.0504 10.244 37.2911 0.843187
74 5.5125 14.2158 0.266764 14.7722 10.6671 39.0111 0.88341
75 5.5875 14.093 0.281278 14.7431 11.1009 37.7808 0.923431
76 5.6625 14.2474 0.296347 14.5923 11.5419 37.31 0.964021
77 5.7375 12.2018 0.309597 14.477 11.9911 35.6882 1.00388
78 5.8125 11.6771 0.322611 14.3372 12.4476 35.3305 1.04438
79 5.8875 10.3855 0.334486 14.1177 12.9088 35.6347 1.08629
80 5.9625 9.49818 0.345625 14.1426 13.3827 34.3064 1.12767
81 6.0375 8.29341 0.355597 14.2323 13.8716 32.6508 1.16806
82 6.1125 8.02352 0.365486 14.2514 14.3735 30.4302 1.20663
83 6.1875 8.44605 0.376153 14.351 14.8913 27.89 1.24286
84 6.2625 9.1897 0.388042 14.1172 15.4131 25.7648 1.27715
85 6.3375 8.38643 0.399153 14.0389 15.9446 24.542 1.31059
86 6.4125 9.31773 0.411792 13.9225 16.4841 22.6373 1.34217
87 6.4875 9.11354 0.424444 13.6791 17.0267 20.7893 1.37186
88 6.5625 9.39525 0.437792 13.6309 17.58 19.086 1.39975
89 6.6375 10.6177 0.453222 13.5518 18.1427 18.2204 1.42699
90 6.7125 11.2414 0.469931 13.2404 18.705 17.4294 1.45363
91 6.7875 11.5153 0.487431 13.0294 19.2707 16.842 1.47996
92 6.8625 12.4987 0.506847 12.8549 19.8413 17.1321 1.50733
93 6.9375 13.5422 0.528347 12.8545 20.4244 17.0061 1.5351
94 7.0125 15.1206 0.552875 12.8186 21.0185 17.0855 1.56361
95 7.0875 15.7159 0.578917 12.7566 21.6224 16.3183 1.59142
96 7.1625 17.112 0.607875 12.7744 22.2401 16.0941 1.61944
97 7.2375 17.3621 0.637875 12.7423 22.8692 16.5476 1.64885
98 7.3125 15.6377 0.665458 12.8547 23.517 17.3123 1.68026
99 7.3875 15.7384 0.693792 12.8413 24.1775 15.5787 1.7091
100 7.4625 16.2175 0.723583 12.8202 24.8504 16.1529 1.73963
101 7.5375 17.3341 0.756069 12.7006 25.5305 15.8186 1.77012
102 7.6125 18.8033 0.792014 12.6499 26.2214 15.2224 1.80005
103 7.6875 17.3553 0.825847 12.5954 26.9229 14.8957 1.82992
104 7.7625 17.5736 0.860778 12.4866 27.632 13.957 1.85845
105 7.8375 16.1901 0.893583 12.3192 28.3452 14.0644 1.88776
106 7.9125 17.2095 0.929125 12.2979 29.0709 14.0279 1.91756
107 7.9875 17.429 0.965806 12.0674 29.7965 13.8908 1.94763
108 8.0625 17.9936 1.00439 12.0705 30.536 13.5863 1.9776
109 8.1375 18.6935 1.04522 11.9104 31.2793 12.9291 2.00665
110 8.2125 17.9853 1.08524 11.741 32.0257 12.7334 2.03578
111 8.2875 15.9693 1.12142 11.5513 32.7734 12.1136 2.06401
112 8.3625 14.6365 1.15518 11.4387 33.5273 11.8212 2.09206
113 8.4375 15.5899 1.19179 11.4068 34.2927 12.0375 2.12114
114 8.5125 15.5023 1.22885 11.2806 35.0631 11.075 2.14837
115 8.5875 14.3649 1.26379 11.1585 35.8387 10.8241 2.17545
116 8.6625 14.9926 1.3009 11.0766 36.622 10.7493 2.20282
117 8.7375 14.5488 1.33754 11.0658 37.4182 10.6406 2.23038
118 8.8125 14.8769 1.37565 10.9763 38.2216 10.2995 2.25752
119 8.8875 15.0266 1.41481 10.9409 39.0361 9.98133 2.28427
120 8.9625 14.7081 1.45378 10.894 39.8609 9.40729 2.30991
121 9.0375 14.3876 1.49254 10.7118 40.6855 9.55251 2.33638
122 9.1125 13.9236 1.53068 10.6627 41.5199 9.69416 2.36369
123 9.1875 13.7172 1.56888 10.7545 42.3755 9.34256 2.39045
124 9.2625 13.2309 1.60632 10.7498 43.2447 9.45907 2.41799
125 9.3375 13.1979 1.64428 10.7363 44.127 9.17157 2.44512
126 9.4125 12.6225 1.68117 10.6384 45.0153 9.01675 2.47222
127 9.4875 12.3956 1.71797 10.6632 45.9199 10.0435 2.5029
128 9.5625 11.9947 1.75415 10.6689 46.8394 10.4932 2.53545
129 9.6375 12.6746 1.79299 10.5619 47.7639 10.6125 2.5689
130 9.7125 13.1 1.83375 10.5483 48.7018 10.3581 2.60205
131 9.7875 13.7571 1.87722 10.5281 49.6523 9.9543 2.6344
132 9.8625 13.9426 1.92196 10.5528 50.6197 10.2769 2.66832
133 9.9375 13.7287 1.96668 10.4809 51.5952 10.2094 2.70253
134 10.0125 13.7925 2.01229 10.3771 52.5757 9.73449 2.73564
135 10.0875 13.7248 2.05836 10.3621 53.5695 9.89399 2.7698
136 10.1625 13.3517 2.10385 10.3417 54.5761 10.0735 2.8051
137 10.2375 13.9201 2.15197 10.3953 55.6029 10.03 2.84076
138 10.3125 14.4745 2.20275 10.3336 56.6386 9.79607 2.87611
139 10.3875 12.2801 2.24646 10.2947 57.6856 10.0421 2.91287
140 10.4625 12.097 2.29014 10.2288 58.7408 10.4427 2.95166
141 10.5375 12.3349 2.33532 10.2111 59.8094 10.6448 2.99176
142 10.6125 12.6247 2.38222 10.1424 60.886 10.6167 3.03233
143 10.6875 12.5071 2.42935 10.0399 61.9668 10.4073 3.07267
144 10.7625 11.8536 2.47464 9.96213 63.0544 10.261 3.11299
145 10.8375 11.6579 2.51981 10.0205 64.1636 10.2693 3.15392
146 10.9125 11.8058 2.56618 9.92842 65.2779 10.3538 3.19575
147 10.9875 12.3985 2.61556 9.85316 66.399 10.7012 3.23958
148 11.0625 11.794 2.66317 9.75969 67.5247 10.8375 3.28458
149 11.1375 11.9378 2.71201 9.74416 68.6639 10.1344 3.32724
150 11.2125 11.1423 2.75822 9.65638 69.8081 9.87714 3.36937
151 11.2875 10.3404 2.80168 9.63952 70.9656 9.56801 3.41073
152 11.3625 11.1436 2.84914 9.61187 72.1351 10.0081 3.45457
153 11.4375 11.0623 2.89687 9.61375 73.3204 9.61283 3.49724
154 11.5125 11.7255 2.94814 9.59619 74.5191 9.50035 3.53996
155 11.5875 11.2951 2.99817 9.4884 75.7199 9.70854 3.58419
156 11.6625 10.4971 3.04526 9.49487 76.937 9.55248 3.62827
157 11.7375 10.9533 3.09504 9.44093 78.1629 9.19012 3.67123
158 11.8125 10.884 3.14514 9.41917 79.4016 8.99458 3.71381
159 11.8875 11.2358 3.19751 9.39043 80.6523 8.75978 3.75581
160 11.9625 10.7775 3.24839 9.3509 81.9134 8.93634 3.7992
161 12.0375 11.3265 3.30253 9.33802 83.1887 9.0824 3.84385
162 12.1125 11.9185 3.36021 9.35583 84.4823 8.79031 3.88761
163 12.1875 11.7638 3.41785 9.31048 85.7857 9.19781 3.93397
164 12.2625 10.7439 3.47114 9.23222 87.0941 8.92231 3.97949
165 12.3375 10.7298 3.52501 9.24226 88.42 8.89349 4.02542
166 12.4125 11.1416 3.58164 9.23674 89.7612 9.34164 4.07425
167 12.4875 11.0217 3.63833 9.15528 91.1068 9.10769 4.12244
168 12.5625 11.2213 3.69675 9.07066 92.4559 9.31183 4.1723
169 12.6375 11.1755 3.75563 9.07233 93.8215 9.72323 4.22499
170 12.7125 11.031 3.81443 9.06012 95.2015 9.5987 4.27762
171 12.7875 10.8505 3.87296 9.06928 96.5992 9.63289 4.33106
172 12.8625 11.1061 3.93357 9.03513 98.008 9.47015 4.38422
173 12.9375 11.5462 3.99732 8.97536 99.4239 9.62725 4.4389
174 13.0125 11.7069 4.06271 8.90379 100.845 9.67736 4.49449
175 13.0875 10.9438 4.12454 8.79283 102.264 9.47236 4.54954
176 13.1625 11.1475 4.18825 8.76925 103.696 8.9536 4.60217
177 13.2375 11.4565 4.25447 8.73366 105.139 9.06151 4.65605
178 13.3125 11.5511 4.322 8.73182 106.597 9.02206 4.7103
179 13.3875 11.0368 4.38725 8.70061 108.067 9.16222 4.76601
180 13.4625 10.8375 4.45204 8.63797 109.542 8.90909 4.8208
181 13.5375 10.9658 4.51833 8.58558 111.025 8.7347 4.87511
182 13.6125 10.6749 4.58358 8.56873 112.522 8.85521 4.93078
183 13.6875 10.3919 4.64781 8.50466 114.023 8.85129 4.98705
184 13.7625 10.2834 4.71206 8.48322 115.538 8.76265 5.04336
185 13.8375 10.3152 4.77721 8.47524 117.067 9.03777 5.10208
186 13.9125 10.0259 4.84122 8.44997 118.608 9.11401 5.16193
187 13.9875 10.3857 4.90825 8.38539 120.155 8.91192 5.22109
188 14.0625 10.4178 4.97621 8.41553 121.723 8.94131 5.28108
189 14.1375 10.493 5.04539 8.35155 123.296 9.1877 5.34339
190 14.2125 9.81973 5.11082 8.21443 124.86 8.97446 5.4049
191 14.2875 9.31057 5.17351 8.22439 126.443 8.91458 5.46664
192 14.3625 9.20951 5.23618 8.26981 128.05 8.59947 5.52683
193 14.4375 8.97469 5.29789 8.23813 129.669 8.52312 5.5871
194 14.5125 9.23602 5.36206 8.25634 131.308 8.64128 5.64885
195 14.5875 8.82075 5.42397 8.17034 132.946 8.86044 5.71283
196 14.6625 8.69941 5.48567 8.12834 134.593 8.77954 5.77687
197 14.7375 8.95616 5.54983 8.08846 136.249 8.69136 5.84092
198 14.8125 9.332 5.61737 8.00854 137.905 8.71644 5.90581
199 14.8875 9.24771 5.68499 7.98886 139.574 8.3638 5.9687
200 14.9625 9.0424 5.75176 8.01791 141.266 8.01138 6.02956
